777
643
372
920
50
24
296
102
132
688
6
147
410
879
794
648
958
102
365
592
653
596
60
145
582
639
290
207
385
807
227
165
600
780
917
805
183
764
43
894
552
716
904
984
231
675
362
490
373
667
998
633
45
217
2
351
52
82
93
408
896
285
922
867
914
993
291
291
657
849
860
198
554
530
287
526
645
172
969
583
412
228
366
404
385
646
202
958
644
796
848
812
822
145
553
900
362
270
36
703
829
581
756
279
662
748
285
532
681
991
306
729
702
262
480
638
844
468
459
61
36
312
933
893
662
335
914
525
570
541
456
641
528
465
1
197
735
571
223
760
545
558
400
891
726
57
243
680
741
413
926
331
962
527
165
51
255
333
896
795
442
169
739
51
366
828
115
426
935
485
495
411
173
941
853
937
590
821
781
478
624
862
254
767
972
650
613
702
176
417
660
199
847
426
715
620
89
182
383
919
885
984
165
886
120
555
120
457
166
383
929
772
244
230
947
244
878
4
637
870
209
347
583
931
624
731
714
687
839
684
592
404
862
679
26
737
281
362
376
76
57
65
759
100
924
423
8
293
373
914
197
281
803
26
767
550
33
923
156
699
158
541
431
908
392
994
800
336
121
862
556
281
902
461
173
317
600
887
507
563
198
983
346
869
414
222
794
115
885
802
527
866
936
186
770
731
797
253
318
324
60
475
639
912
638
28
802
31
490
418
582
591
208
897
207
20
849
519
625
734
145
847
499
712
858
945
806
563
299
681
248
85
589
68
876
420
915
582
507
316
574
628
494
745
939
617
996
335
598
664
714
944
153
378
577
673
668
415
985
769
697
373
946
926
455
693
257
365
988
399
620
567
911
69
357
498
407
254
418
262
701
813
149
942
538
328
995
614
342
213
575
428
707
487
296
179
564
306
894
921
333
553
865
756
38
783
368
305
433
171
320
404
872
231
520
181
801
474
487
946
368
23
724
381
670
59
777
358
856
327
305
897
129
402
681
479
317
366
540
242
325
509
183
916
74
690
909
373
481
377
147
130
175
352
934
545
382
445
728
962
829
570
77
36
580
901
183
645
134
248
29
806
373
539
818
473
246
159
666
206
513
722
890
632
778
273
228
511
162
121
622
619
824
472
900
557
344
250
451
479
30
436
318
822
568
338
530
1
830
721
253
296
804
79
19
58
783
986
277
257
793
185
758
835
634
488
317
873
658
532
518
769
364
30
842
343
330
495
194
457
792
817
593
476
963
665
862
234
60
814
941
579
813
415
763
162
857
438
698
437
509
663
950
262
926
847
292
123
957
617
928
890
811
572
152
568
884
134
172
174
587
649
417
80
372
27
103
903
414
657
415
988
858
461
671
903
519
624
670
831
533
815
897
935
176
389
759
748
168
221
182
985
705
621
441
337
433
834
560
718
247
184
673
271
238
358
231
735
774
672
464
299
833
154
603
156
908
974
564
99
292
922
814
599
718
478
533
573
483
302
854
426
451
395
226
298
711
151
620
65
523
852
192
719
70
981
927
540
571
670
51
290
974
298
868
276
359
12
9
26
192
262
442
79
167
927
984
596
167
229
168
579
171
209
341
156
563
890
33
580
310
64
647
498
305
836
742
699
116
446
669
140
728
466
75
17
828
148
102
128
182
242
428
157
962
737
969
284
770
664
45
11
587
719
309
23
714
281
878
31
212
915
692
357
385
952
839
485
643
278
99
196
8
744
491
392
404
772
221
209
882
278
767
126
841
174
122
510
503
503
909
985
245
157
479
803
775
791
255
561
472
747
466
534
908
346
917
953
729
477
166
55
399
466
548
277
372
757
707
189
712
821
314
944
120
781
558
484
209
816
449
436
656
409
619
304
315
468
623
848
323
322
57
311
692
373
253
846
420
984
403
526
987
570
216
832
528
52
397
522
495
731
659
738
245
392
318
353
160
636
604
798
633
503
838
202
676
915
759
585
537
211
86
29
834
421
466
782
631
231
309
598
411
809
331
754
519
788
229
478
582
38
262
377
939
571
723
529
646
773
933
451
534
873
648
738
868
909
317
304
401
273
818
868
927
326
554
38
985
670
765
224
506
582
921
242
281
159
378
753
759
584
98
188
370
579
743
928
6
646
633
81
275
370
955
733
776
386
344
838
188
860
952
800
386
839
260
137
596
309
513
565
405
280
485
742
954
343
557
617
419
455
916
68
804
743
89
167
733
203
816
532
553
98
895
417
687
962
522
173
846
937
597
587
421
743
264
442
608
421
117
879
524
495
859
140
328
329
426
405
456
493
556
78
837
488
465
104
402
129
207
984
638
738
700
354
401
686
284
902
496
80
363
199
426
188
619
579
745
89
426
433
329
278
629
652
844
908
920
446
56
614
505
213
375
397
678
608
113
708
998
223
458
456
682
799
523
945
991
463
360
588
293
994
92
788
779
770
921
633
974
942
457
187
5
381
433
858
906
760
276
515
283
527
349
662
381
640
959
564
250
822
635
67
740
519
335
213
888
490
297
831
273
704
906
420
400
555
606
247
173
985
198
839
265
317
819
794
308
784
987
967
269
505
736
755
996
218
590
639
708
399
46
39
718
179
143
579
332
384
452
944
464
39
525
721
855
64
634
744
391
324
829
862
412
110
533
956
7
167
308
30
580
706
10
281
765
350
593
813
181
98
522
69
337
419
783
24
246
445
961
217
526
777
513
497
948
124
760
757
976
33
718
641
744
299
245
901
432
418
67
535
265
556
695
314
342
112
297
255
599
631
298
467
786
341
595
720
824
909
39
723
673
454
621
440
175
421
937
16
902
543
851
723
93
945
995
528
794
477
129
397
383
681
850
502
93
587
391
687
263
145
833
620
848
415
141
947
785
504
233
313
1000
838
965
689
294
105
583
978
494
916
978
144
496
370
712
901
117
241
645
522
742
558
689
822
596
188
243
529
255
280
212
665
572
132
632
378
513
346
647
970
346
719
934
938
920
316
374
541
900
431
68
133
984
855
319
124
631
966
849
779
862
777
835
979
263
212
328
340
782
541
194
481
395
184
486
164
688
445
525
665
994
176
25
688
89
462
719
153
264
931
549
496
975
944
271
330
461
111
614
286
506
313
295
441
694
668
967
180
776
283
486
838
179
427
108
115
909
516
216
58
862
3
478
352
442
483
792
326
754
847
899
201
819
918
907
593
505
748
606
823
496
808
540
295
244
168
823
387
479
783
966
64
743
751
768
869
523
254
292
195
468
20
671
541
140
106
874
191
143
563
314
712
976
334
933
542
196
753
329
838
436
83
269
672
517
942
514
433
204
410
993
579
249
413
563
498
233
303
243
426
126
672
695
751
834
709
105
139
921
365
315
609
558
577
543
383
873
454
378
387
762
32
817
527
881
498
134
89
325
532
448
664
41
574
271
35
50
729
956
767
981
214
768
272
207
596
809
714
802
709
427
126
418
609
565
88
272
179
828
17
739
6
90
863
380
207
207
985
578
936
172
562
757
887
939
197
400
353
476
694
690
244
723
897
917
341
662
188
64
985
394
299
118
140
925
233
88
686
292
944
686
716
261
788
591
112
892
16
127
218
381
58
758
185
788
962
668
970
630
900
437
592
570
807
309
989
925
491
978
634
669
846
139
655
996
164
412
553
176
161
55
777
29
692
564
261
320
776
183
95
780
372
175
861
704
897
253
279
295
848
826
535
861
148
229
406
992
36
329
657
310
611
52
761
870
933
701
209
126
911
183
607
701
140
847
610
754
815
884
563
929
356
31
500
710
722
327
787
817
291
541
446
594
351
919
39
769
861
140
416
311
976
353
33
84
182
115
902
469
668
278
490
193
218
721
58
84
183
210
878
861
815
245
769
265
910
843
974
8
312
756
183
173
431
490
870
230
454
135
791
297
332
37
251
432
80
378
327
55
20
751
442
61
660
458
577
860
44
125
451
464
305
383
208
484
706
777
957
302
604
934
942
657
892
613
38
577
185
791
556
58
904
665
599
954
937
357
452
21
620
169
471
347
362
253
533
908
802
555
357
370
511
509
648
801
643
184
276
315
572
664
595
732
423
723
65
382
69
749
405
578
182
261
645
750
580
832
528
911
351
756
841
840
545
469
983
892
551
431
271
743
100
868
778
380
950
657
568
837
198
471
9
932
602
3
187
504
466
544
747
497
980
939
902
661
11
711
441
948
388
652
591
623
658
511
200
250
976
713
795
225
866
727
257
331
104
410
724
255
877
745
891
712
839
412
212
925
362
373
812
106
311
228
837
878
97
483
359
956
695
171
39
931
683
27
451
486
784
253
66
686
346
990
820
335
785
108
537
981
354
772
423
880
487
327
77
265
181
745
974
666
278
865
169
287
314
925
802
714
633
612
274
826
460
488
868
690
683
802
774
859
993
607
68
751
136
150
20
751
230
155
497
952
207
643
951
626
84
688
429
643
782
503
910
425
137
4
267
933
188
739
518
963
520
102
718
14
432
987
693
74
988
697
36
865
296
474
675
100
224
972
713
412
629
124
997
203
227
978
183
401
683
641
301
119
687
206
987
