1
3
5
7
8
8
10
11
11
11
14
15
15
16
17
18
18
20
21
21
23
24
26
27
28
28
30
33
34
35
38
38
39
42
43
44
46
49
49
49
49
51
51
54
54
55
56
56
56
57
57
60
61
62
62
63
63
63
64
65
65
66
69
70
72
72
74
75
76
77
81
83
85
85
85
86
86
86
87
90
90
90
91
92
92
94
95
97
98
99
100
101
102
103
104
106
108
109
109
110
110
111
111
117
117
118
120
124
124
124
126
127
127
129
132
134
135
136
138
138
139
139
139
139
142
142
142
145
145
150
151
151
152
152
153
154
154
155
156
157
159
161
162
163
163
164
164
165
165
166
167
170
170
172
173
173
175
175
176
177
177
178
181
182
183
183
184
184
185
186
187
188
188
188
189
191
191
193
196
198
199
201
203
205
208
208
209
209
210
210
211
213
215
215
216
216
218
218
219
220
222
222
223
223
224
226
226
227
228
229
230
231
232
233
233
233
233
234
234
236
237
238
240
240
241
244
244
245
245
246
247
247
247
247
247
247
249
250
251
252
253
257
257
258
260
262
263
263
264
267
268
268
270
270
271
272
272
273
275
275
276
276
277
280
280
280
281
283
284
284
286
286
286
288
288
289
290
291
291
293
293
295
298
300
300
302
302
302
303
304
304
305
305
306
308
310
311
312
312
313
313
315
316
317
317
318
318
319
322
322
330
330
331
332
332
334
335
337
340
340
341
342
344
344
347
349
350
353
354
355
356
357
360
361
364
364
365
365
365
366
369
370
371
372
372
372
374
375
375
376
377
378
379
379
379
380
381
382
382
383
384
385
385
386
386
387
389
389
390
390
391
391
394
394
394
396
396
398
399
400
400
400
402
402
403
404
405
406
406
406
408
408
410
411
411
412
412
414
416
417
418
418
418
419
420
421
422
422
423
424
424
425
426
435
437
438
439
440
441
441
442
443
443
443
448
449
450
453
455
455
458
458
459
459
459
461
462
463
464
468
468
468
469
469
470
470
472
475
478
478
479
479
481
482
483
483
485
486
486
486
488
489
490
490
491
491
492
493
496
498
498
500
502
502
503
504
505
506
507
508
509
509
510
511
511
511
511
513
516
520
524
525
526
526
528
528
528
529
529
531
532
532
532
535
535
535
536
538
539
539
540
540
541
542
544
545
548
552
554
555
557
557
562
564
565
566
566
567
569
569
569
570
571
571
573
574
576
576
576
576
577
577
579
579
581
581
582
584
585
586
587
589
589
589
591
592
593
595
595
595
597
597
598
599
600
601
602
602
605
606
606
608
610
610
611
613
613
616
616
619
623
624
625
628
630
631
631
632
633
634
634
635
636
636
638
639
639
642
643
643
643
644
644
644
644
647
651
651
652
653
653
654
657
660
660
662
662
663
664
666
667
669
669
670
674
677
677
678
679
679
681
681
681
684
685
687
689
690
690
692
694
695
695
695
698
700
700
700
702
702
702
704
705
705
706
707
707
708
709
709
709
710
713
713
713
714
714
716
716
717
717
717
718
720
720
720
720
721
721
723
724
725
726
727
732
732
734
735
736
736
739
741
741
741
742
742
743
744
744
745
746
747
748
749
750
752
754
755
756
757
759
761
762
762
764
765
766
766
766
767
771
771
773
779
781
781
781
782
784
784
784
785
786
787
787
788
788
790
791
791
793
793
794
797
797
797
797
798
798
799
799
801
804
804
805
805
805
807
808
809
810
810
810
810
811
812
812
812
815
815
816
817
817
817
819
819
820
822
822
822
823
823
824
826
827
827
827
829
829
830
830
832
833
833
835
835
835
836
836
838
839
841
841
841
842
842
842
843
844
844
844
844
844
845
846
846
847
847
848
848
849
849
850
851
851
852
855
857
858
859
859
859
859
859
860
861
861
861
861
863
864
865
867
867
868
869
870
871
873
873
873
873
876
876
876
877
878
879
880
880
881
882
882
882
883
883
884
884
885
886
887
887
887
887
889
892
893
893
894
894
895
896
896
897
897
898
899
899
900
901
902
902
902
903
904
905
906
906
908
908
911
911
911
913
914
914
915
916
917
918
918
919
920
920
920
923
923
926
927
928
932
934
935
935
937
937
939
940
940
941
944
944
944
945
946
948
948
949
950
951
951
952
953
954
954
954
955
955
955
955
957
957
957
958
958
958
961
961
962
962
963
963
964
965
966
967
969
969
970
973
975
976
978
979
979
980
981
982
982
982
983
984
985
985
985
986
987
989
991
991
992
995
996
997
997
998
998
999
999
1000
