1
2
4
5
5
6
6
7
8
8
9
10
11
13
15
15
17
17
18
21
21
22
22
23
24
25
25
25
26
28
29
30
30
33
34
35
37
37
37
38
42
42
43
44
45
46
47
48
50
51
51
51
54
55
55
56
56
57
57
58
58
60
60
60
60
61
64
64
65
65
66
66
66
66
68
68
70
70
73
73
74
76
77
78
79
80
82
83
88
90
92
96
96
98
99
100
101
101
102
105
105
106
106
109
114
116
117
118
120
120
121
125
128
129
129
132
134
135
136
137
137
137
138
138
139
139
140
141
142
142
143
146
147
147
147
147
149
152
152
152
153
153
154
155
157
158
160
160
162
163
164
164
165
165
166
166
168
170
170
173
174
174
176
177
177
178
178
181
182
184
185
185
185
185
185
186
192
192
193
194
194
196
196
196
197
198
198
199
200
200
201
202
204
204
205
205
206
206
207
207
208
208
209
209
210
210
211
211
212
214
216
220
221
224
224
224
227
231
231
231
232
232
233
235
241
242
242
244
245
245
248
248
248
248
248
248
249
251
251
251
252
253
255
256
257
257
257
258
261
261
263
265
266
266
266
269
269
270
271
272
272
272
273
274
274
276
276
277
278
280
284
285
286
286
286
288
288
289
290
291
293
293
293
296
296
296
296
296
301
301
306
309
310
310
310
311
311
312
312
316
318
318
318
320
321
322
322
323
323
323
324
325
328
328
330
333
334
334
334
336
336
340
340
341
341
342
343
344
344
345
346
349
349
351
351
351
351
352
356
356
358
359
359
359
360
360
362
362
364
367
368
368
368
369
369
369
369
370
371
372
374
374
374
374
375
376
376
376
377
378
379
379
380
381
381
386
388
388
388
389
390
392
393
393
393
394
394
395
395
396
398
399
400
402
404
407
409
409
409
409
410
410
410
411
411
411
411
411
413
413
413
414
414
416
417
418
419
421
421
423
423
424
424
424
424
424
426
427
427
428
430
430
431
432
433
435
437
438
438
440
440
442
443
444
444
445
446
448
451
451
452
453
455
456
456
457
457
457
457
458
458
458
459
459
460
463
464
465
465
465
465
466
469
469
470
471
471
472
473
474
475
477
479
479
481
481
483
484
485
486
488
489
492
493
494
496
497
497
500
502
502
503
503
504
504
505
505
507
508
512
512
512
513
514
515
515
515
516
518
519
519
519
520
522
523
524
525
528
530
530
530
530
532
536
537
537
540
540
540
541
541
543
543
545
549
549
550
550
552
553
554
555
555
556
556
556
558
559
561
565
565
566
566
570
570
570
570
571
572
572
572
573
573
576
576
578
578
579
579
580
581
585
586
587
587
589
590
591
592
594
595
595
596
597
597
597
598
600
601
603
603
604
606
614
615
616
616
616
617
617
618
620
622
622
625
626
626
626
627
627
627
629
631
632
632
632
632
632
634
635
636
636
636
637
638
638
639
641
641
645
646
646
648
649
649
650
650
651
652
652
653
654
655
657
659
661
661
662
663
664
665
666
668
669
669
670
674
674
674
676
677
677
677
679
682
683
683
684
684
685
685
687
687
688
688
688
689
689
690
691
692
694
695
695
695
695
697
697
699
699
700
700
701
702
703
705
705
706
707
708
708
708
713
713
714
714
715
720
720
721
722
723
724
724
725
725
726
727
728
729
730
730
731
734
735
735
735
735
737
741
742
742
744
745
745
746
747
749
750
754
756
756
757
758
759
760
760
760
762
763
764
767
767
769
770
770
770
771
771
772
772
772
774
774
774
775
775
776
777
778
780
781
783
783
784
785
785
785
786
789
789
789
792
793
796
796
796
797
799
800
801
802
803
803
804
804
805
806
807
807
810
811
811
812
815
816
817
819
820
821
821
822
823
823
825
825
828
829
829
829
833
837
839
840
844
846
847
847
847
849
850
855
856
857
861
863
863
864
864
864
865
868
868
869
869
870
870
871
871
872
873
873
874
875
875
876
876
877
878
878
878
878
880
880
881
882
883
883
884
885
885
886
886
887
887
888
888
889
890
891
892
893
893
894
894
895
900
900
902
906
907
907
908
909
911
911
911
912
913
913
913
914
915
916
917
918
919
919
920
920
921
923
924
924
926
927
927
929
929
932
933
933
935
938
941
943
944
944
944
946
947
947
947
948
948
949
950
951
953
954
954
954
955
957
957
958
959
959
959
959
960
961
963
963
966
966
966
966
969
969
970
971
971
973
976
976
979
981
981
981
981
982
983
984
985
985
985
988
989
991
992
992
992
993
994
996
996
997
998
999
