2
2
3
3
4
6
6
8
9
10
10
10
11
11
11
13
15
15
15
15
17
18
18
20
20
22
23
23
23
26
26
27
28
28
36
36
36
37
39
40
40
41
41
42
43
43
45
45
49
49
50
51
54
54
55
55
57
58
58
59
59
60
61
63
63
63
64
64
64
65
66
67
68
68
69
69
72
72
73
74
74
75
77
78
78
79
79
79
80
80
83
84
84
85
86
86
87
87
88
88
88
92
93
93
98
98
101
102
103
103
103
105
106
107
107
107
108
110
111
112
113
113
115
115
116
117
117
118
118
118
119
120
120
121
121
121
123
125
126
129
134
134
134
136
137
137
139
139
139
140
142
146
146
148
148
149
149
149
150
150
154
155
155
155
157
158
159
161
161
162
163
163
163
163
164
165
166
167
168
170
171
171
172
172
172
173
174
174
176
177
178
179
180
181
182
184
187
188
189
189
192
193
194
194
195
196
197
198
198
199
202
202
202
204
204
206
206
206
207
210
214
214
215
215
215
217
220
221
222
222
223
224
224
227
228
228
228
228
228
228
233
234
234
235
239
242
242
244
244
246
247
247
249
251
252
252
252
253
253
254
254
257
257
258
259
260
260
260
260
262
264
264
265
267
270
274
276
278
278
278
280
281
282
282
284
284
284
285
285
286
288
289
289
289
290
291
294
295
296
296
296
296
297
298
298
298
300
300
301
302
302
303
304
304
306
307
307
307
308
310
311
312
312
312
313
313
314
315
316
317
317
323
323
323
325
326
329
330
332
333
333
334
334
335
335
337
338
338
340
342
343
345
346
348
349
350
351
351
355
356
357
357
362
364
365
371
371
372
372
372
373
373
376
377
378
379
380
382
383
384
384
384
385
386
386
386
391
392
392
392
394
395
398
399
400
403
404
405
406
406
406
409
412
412
412
413
414
414
416
417
418
418
418
420
421
422
424
424
424
426
427
427
429
430
430
432
439
439
439
441
442
444
444
446
446
447
448
448
450
452
452
458
459
461
464
467
467
468
468
468
469
470
470
470
470
471
471
471
471
472
475
475
475
477
478
480
481
481
484
485
486
486
486
488
490
490
490
492
492
494
495
498
498
500
500
501
504
505
505
506
507
508
508
509
509
509
511
512
516
519
522
522
523
524
524
524
524
525
526
530
530
532
533
535
535
536
536
536
537
537
537
538
541
541
543
543
545
548
548
550
550
550
550
552
555
555
555
556
556
557
559
560
561
561
561
562
562
562
563
563
563
564
564
565
565
566
567
567
571
572
574
575
577
578
581
583
584
584
584
585
585
586
587
590
593
593
594
596
599
601
601
602
603
603
604
605
607
609
610
610
611
613
614
614
616
616
618
619
619
620
621
621
622
622
624
626
626
627
629
630
631
631
631
631
632
633
634
636
636
637
637
638
639
639
639
640
641
642
644
644
645
646
646
647
647
648
648
649
650
651
652
652
653
654
654
655
656
656
657
661
661
663
665
666
667
668
669
670
672
675
675
676
676
676
677
677
677
679
685
685
686
690
690
690
690
691
692
694
694
696
696
696
697
697
698
698
698
700
701
701
702
703
705
707
707
709
709
709
712
716
719
721
722
724
724
725
725
725
726
728
729
729
730
730
731
732
733
734
734
734
735
735
736
736
736
737
737
737
738
738
738
740
742
742
744
744
745
746
748
749
750
751
751
752
752
753
754
754
757
757
758
759
759
766
767
767
769
771
771
771
772
772
773
773
774
774
775
775
779
781
781
782
783
784
784
786
787
787
789
790
790
791
791
791
792
792
793
794
794
794
795
795
798
799
800
801
801
802
804
805
808
808
808
809
810
810
810
810
813
814
815
818
821
822
824
824
825
826
833
833
833
833
835
835
836
838
838
841
841
842
842
843
844
844
844
844
845
846
847
849
849
850
850
850
852
853
854
855
855
856
858
858
858
859
859
860
861
861
862
862
863
864
864
865
867
868
869
869
869
870
871
871
872
874
876
876
876
876
880
881
882
883
883
884
885
886
887
888
890
890
891
891
893
894
894
894
895
895
895
896
897
898
899
899
901
902
902
905
907
908
909
911
911
911
911
914
915
916
917
917
918
918
918
918
918
920
920
920
921
922
922
923
924
926
926
926
929
932
933
934
934
936
936
937
940
941
943
943
945
946
946
946
947
948
948
949
950
951
952
952
953
954
954
955
956
957
958
960
962
962
962
963
964
966
967
969
971
971
975
975
977
978
979
980
982
983
984
986
987
987
990
991
993
993
994
994
997
997
997
999
