2
4
4
6
8
8
9
11
12
13
13
15
15
18
19
19
20
20
20
26
28
29
30
30
31
33
34
35
35
35
38
39
39
43
45
45
46
47
47
49
49
49
51
52
52
53
53
53
54
54
58
60
60
63
64
64
65
66
66
66
67
69
70
71
72
73
73
78
78
78
79
80
81
82
83
85
86
87
88
91
94
95
95
96
97
101
102
102
103
103
104
105
106
106
107
107
108
110
110
114
114
114
115
116
118
119
121
122
122
123
124
127
127
128
128
129
129
130
132
133
136
136
136
137
140
140
140
143
145
148
149
149
150
150
152
152
152
154
160
161
161
162
168
169
170
170
173
174
176
176
177
177
179
179
179
180
182
183
184
188
189
193
193
193
194
194
195
195
195
195
197
201
201
203
203
203
204
204
205
207
208
211
212
212
213
215
215
216
216
219
222
223
223
224
226
226
228
229
229
232
233
234
235
237
238
238
239
242
242
243
243
243
243
247
248
249
249
250
250
250
251
251
252
252
252
253
256
258
259
260
260
262
263
265
265
268
272
272
273
275
275
276
276
279
280
280
281
281
283
286
286
286
286
286
286
287
291
291
291
291
291
292
292
294
295
297
298
298
299
299
300
302
303
304
304
304
305
305
306
306
307
307
307
308
309
309
311
311
312
312
312
312
314
314
314
315
316
319
320
321
322
322
324
325
326
328
330
331
332
332
333
333
334
334
335
337
339
339
340
341
343
343
344
344
345
345
346
346
346
348
348
349
349
351
351
351
352
352
353
354
354
356
356
357
358
362
364
364
364
365
367
369
371
372
372
373
373
374
376
376
377
377
377
380
381
381
381
385
386
388
389
391
392
393
394
394
394
396
397
400
402
406
406
408
409
409
409
410
411
411
411
411
412
412
414
415
415
416
419
422
422
422
423
423
424
424
424
425
426
426
427
428
428
429
430
431
431
432
434
434
434
437
440
443
443
444
446
447
448
448
449
449
450
451
452
453
454
455
456
456
457
458
461
462
462
462
464
464
464
465
465
465
466
466
466
467
467
470
470
470
471
473
474
475
476
477
477
477
478
478
479
482
484
484
488
488
490
493
493
494
495
495
496
497
497
498
502
503
504
506
506
507
509
510
510
510
511
512
512
512
512
513
513
513
515
515
515
515
516
517
518
518
520
520
520
520
522
523
523
523
525
526
527
527
532
533
533
533
534
534
535
536
536
537
537
538
540
540
542
543
543
545
546
547
547
547
549
552
553
554
555
555
555
557
557
557
557
558
558
560
560
562
562
562
565
566
567
567
568
568
569
569
570
571
574
574
576
577
578
579
580
580
581
581
583
583
584
585
586
587
588
588
588
588
589
592
593
593
593
595
595
595
595
596
596
597
597
598
599
600
601
603
603
604
604
607
608
609
609
610
610
611
611
613
613
613
615
615
616
616
616
617
620
620
621
621
621
622
622
627
628
629
629
631
631
631
631
632
632
635
638
638
640
640
641
641
645
645
646
646
649
650
652
654
656
657
658
659
659
660
660
661
661
662
664
667
670
671
671
671
671
672
673
673
674
676
676
677
677
680
680
681
681
682
683
684
685
685
686
687
687
687
687
688
689
691
691
692
692
692
692
692
693
693
693
695
695
695
698
700
701
701
705
705
706
707
707
707
709
711
711
712
712
713
714
715
715
716
717
718
718
719
719
722
723
723
726
728
728
729
730
730
731
733
734
735
739
739
740
740
740
741
743
744
746
746
747
748
748
749
749
750
750
750
751
751
751
754
755
756
757
759
762
764
765
765
766
767
768
773
773
774
776
778
778
779
779
781
787
788
788
790
792
792
793
794
795
796
797
798
799
800
800
804
804
805
805
805
807
808
810
813
815
815
816
817
817
818
818
819
819
820
821
822
822
822
823
824
824
826
827
828
829
829
829
829
831
833
833
835
836
836
837
839
839
840
843
846
847
855
857
857
858
859
860
860
864
865
865
866
866
867
868
868
869
870
871
872
874
874
875
876
877
880
880
882
885
885
885
887
889
893
893
894
894
895
895
896
896
897
898
898
898
900
900
900
900
901
903
904
907
907
907
910
910
911
912
913
914
919
919
920
920
922
923
923
923
924
924
925
925
928
928
930
931
931
931
932
933
936
937
937
940
944
944
945
946
946
950
950
953
953
957
958
959
959
960
961
962
962
963
963
963
967
967
969
970
974
975
976
976
978
978
980
981
982
982
983
983
983
985
987
987
987
987
988
989
989
989
989
990
992
993
994
997
997
997
998
998
1000
