1
4
4
4
6
6
6
7
8
9
10
10
11
12
13
16
17
18
19
19
20
21
22
23
23
25
25
27
27
28
30
31
32
33
33
33
34
35
35
35
35
36
37
37
38
39
40
40
40
40
41
41
43
43
44
45
48
49
49
50
51
51
53
54
56
59
59
59
60
60
61
62
62
62
63
65
65
65
66
66
67
68
68
69
70
74
74
75
77
79
80
80
80
81
82
84
84
84
85
87
87
88
88
88
93
94
94
94
98
98
100
100
101
102
104
105
106
107
107
108
108
109
110
111
112
112
113
115
116
117
117
118
120
121
121
122
122
128
128
131
133
133
133
134
136
136
138
139
141
142
142
142
143
144
145
145
145
146
146
146
146
147
147
149
149
149
149
149
150
151
151
153
153
157
158
159
163
164
165
167
168
169
171
172
172
173
176
177
177
183
183
185
186
187
188
190
190
191
192
192
192
193
195
196
198
198
198
201
202
204
205
205
206
206
208
211
212
213
213
213
214
216
217
218
220
220
220
222
222
222
224
224
225
226
229
229
230
230
230
231
232
233
233
235
236
238
238
238
239
240
241
241
242
243
245
245
247
247
247
247
249
249
250
251
252
252
256
259
260
261
262
263
265
265
266
267
267
270
275
279
281
282
282
283
284
287
287
288
288
288
289
289
292
292
294
294
295
296
296
297
299
301
301
301
301
303
304
305
309
309
311
314
314
315
316
317
318
320
320
322
323
323
324
325
326
326
328
330
331
333
335
335
340
340
341
342
342
345
345
347
349
349
350
350
351
351
351
353
353
354
354
354
354
355
356
358
359
361
362
362
364
366
366
366
367
368
369
369
369
370
370
370
371
374
376
376
377
378
378
378
378
379
381
383
383
386
386
387
388
390
390
391
392
392
392
393
394
394
395
396
397
400
402
402
403
405
405
405
406
407
410
412
415
415
415
416
416
419
420
421
422
423
424
424
424
425
425
426
427
428
428
429
429
430
430
432
434
436
436
440
441
441
442
443
445
446
447
447
447
447
448
448
449
449
450
451
452
453
454
454
455
455
458
459
460
460
461
461
462
464
466
469
470
470
471
471
472
473
475
477
477
479
479
480
482
483
483
483
486
486
486
486
487
488
488
489
491
492
492
494
494
495
497
498
499
499
501
501
502
502
503
509
509
512
512
513
513
513
514
516
516
518
519
521
522
523
524
525
526
528
528
530
531
531
532
532
534
534
534
535
536
537
538
538
539
541
543
543
544
546
547
549
552
553
553
554
555
555
555
557
558
559
559
561
561
562
563
563
564
564
567
567
569
569
569
569
570
570
571
571
572
574
574
575
577
580
580
581
582
582
583
583
584
584
587
588
589
589
591
591
592
592
592
592
594
594
594
595
596
600
600
600
602
603
609
611
611
612
613
614
616
617
617
618
620
623
626
628
629
631
631
635
636
636
638
638
638
639
639
639
639
640
641
641
643
643
647
649
650
650
651
651
651
653
654
656
659
659
661
662
664
664
667
667
668
671
671
673
676
676
679
680
686
687
687
688
691
691
691
691
691
694
694
694
694
695
696
698
698
698
699
699
700
702
702
702
703
704
704
704
705
705
706
708
708
709
710
713
715
716
716
716
717
717
719
719
720
720
721
721
722
723
724
725
726
727
728
728
728
731
732
733
733
733
738
739
739
739
741
741
745
746
750
750
751
752
753
755
756
757
758
760
761
762
764
764
765
766
769
769
769
770
773
773
774
774
779
779
780
781
781
784
784
785
785
786
786
787
788
789
789
789
790
790
790
791
796
796
797
799
800
800
805
806
809
810
811
812
813
814
814
815
817
817
820
820
820
820
821
822
823
824
830
831
831
834
834
835
836
836
837
839
839
839
840
842
842
843
844
844
846
847
847
847
847
847
847
848
848
848
849
850
851
852
852
852
853
853
853
853
854
855
856
857
857
859
861
861
861
861
862
863
863
863
863
863
864
864
864
866
866
867
867
869
871
875
876
878
880
882
882
883
883
883
883
884
885
885
885
886
886
888
889
889
890
890
891
892
893
893
894
897
899
901
901
902
903
903
903
906
906
907
907
908
910
911
911
912
915
918
919
921
921
921
922
924
925
926
928
930
932
932
932
933
933
933
933
934
937
938
938
939
939
940
940
942
942
945
947
948
948
949
949
950
950
952
953
955
955
957
957
958
960
963
963
964
965
966
967
967
968
969
970
971
972
972
973
974
975
976
978
982
982
984
984
984
986
987
989
992
993
993
993
996
996
997
999
1000
1000
1000
