1
3
4
8
8
9
10
10
10
11
11
12
12
12
14
15
16
18
18
19
19
20
20
22
22
25
27
28
28
29
29
29
29
29
31
32
34
34
34
35
36
36
36
39
39
40
40
42
42
46
46
47
47
47
48
48
49
50
51
51
52
52
54
54
54
55
58
59
59
59
60
61
62
63
63
63
64
64
65
65
67
67
67
67
69
70
70
71
71
72
72
72
73
74
74
76
76
77
77
77
78
80
81
81
81
82
85
86
87
88
92
94
94
95
95
96
97
97
98
100
100
101
101
102
102
103
103
105
107
108
109
110
113
113
114
115
116
117
119
119
121
121
123
125
126
126
126
127
127
128
135
135
136
137
138
138
139
140
141
142
143
143
145
145
146
146
147
147
147
149
150
151
152
154
155
157
157
158
159
161
163
163
165
165
166
166
167
167
170
170
171
171
172
172
174
174
174
175
177
177
177
178
179
180
180
181
183
184
185
185
185
185
187
188
189
189
191
191
192
193
193
194
194
196
196
196
198
198
199
200
200
201
202
203
205
205
205
206
206
211
211
211
212
213
214
216
218
219
219
221
221
223
224
226
226
228
229
230
231
233
233
234
235
235
235
235
236
238
239
241
242
242
242
243
246
247
248
248
248
248
250
252
252
252
253
254
254
255
256
256
256
258
258
258
259
259
260
260
261
262
262
263
263
265
265
267
270
271
272
274
275
276
278
279
280
282
284
288
290
290
291
292
292
296
298
299
299
300
301
301
304
304
304
306
306
307
309
310
311
311
311
316
317
318
319
320
321
321
323
326
328
328
331
331
331
334
337
340
341
342
343
343
345
345
345
346
347
349
353
353
353
354
354
355
358
358
359
360
360
361
362
363
364
366
366
367
367
367
367
368
370
370
370
371
373
373
374
374
375
376
377
377
378
379
379
381
383
386
386
387
389
391
392
394
395
396
396
397
401
405
409
409
410
411
411
412
412
413
415
416
417
418
418
423
423
426
426
429
429
430
431
432
433
436
438
441
444
444
445
445
445
446
447
447
448
449
450
454
454
455
458
460
460
464
465
465
466
467
470
470
471
472
472
475
476
476
477
477
478
480
481
481
482
482
484
484
486
491
491
493
495
495
496
496
498
499
500
501
502
505
506
507
508
508
509
513
514
514
515
515
516
516
516
520
520
521
521
523
523
523
524
524
525
526
527
527
529
529
531
533
534
535
535
536
536
539
542
542
542
544
544
547
547
549
550
550
551
553
553
553
553
553
557
559
560
561
562
562
563
564
565
565
566
567
568
569
572
572
576
576
577
577
580
581
582
583
584
587
588
588
589
590
590
590
591
591
592
593
594
596
596
600
602
603
605
605
608
610
610
611
613
618
618
619
619
619
619
619
621
622
622
624
625
626
626
628
628
631
633
633
633
635
636
636
638
638
638
638
640
641
641
642
642
642
644
644
645
646
646
647
647
647
648
649
650
652
653
653
656
657
657
658
659
662
662
665
666
671
673
674
678
681
681
682
683
683
683
685
687
687
687
687
690
690
690
691
692
693
694
694
695
696
697
698
698
698
699
699
699
700
700
701
701
701
705
706
708
708
709
709
712
713
714
717
718
721
723
723
723
723
723
725
725
726
726
726
727
728
728
729
730
730
731
731
733
733
734
734
734
735
735
735
736
739
740
740
740
740
740
741
743
745
745
745
746
746
746
747
747
750
753
753
753
754
754
756
756
756
756
758
758
759
760
760
760
760
761
762
763
764
765
765
767
771
772
772
772
773
773
774
774
775
776
777
778
779
781
781
782
782
784
786
786
787
788
788
790
791
791
792
794
796
796
797
798
798
801
801
801
803
804
805
806
809
809
810
810
811
811
812
813
813
814
815
817
818
820
820
822
822
823
824
824
825
825
825
826
826
827
827
830
832
835
836
837
838
838
839
839
841
843
843
844
847
849
849
851
851
853
853
854
855
855
858
859
860
860
861
861
863
864
864
865
866
867
872
874
876
879
879
880
880
881
882
884
885
886
887
889
889
891
891
893
894
894
894
895
896
897
900
900
902
903
904
904
904
905
910
912
912
913
914
914
914
914
915
917
917
919
919
919
919
919
920
920
920
921
923
925
928
928
931
931
932
933
933
933
933
933
934
936
937
937
940
942
943
944
945
946
947
947
947
948
949
949
949
949
950
952
953
954
954
954
959
960
961
962
963
965
966
967
968
969
973
973
973
977
978
978
980
980
980
981
982
983
984
989
989
991
992
993
993
993
994
995
996
996
999
999
999
