811
636
624
605
965
92
411
306
379
914
847
773
618
103
292
782
854
625
622
174
101
515
415
42
321
345
255
638
310
904
973
491
891
581
858
844
147
641
52
782
533
760
265
801
798
641
496
980
216
592
867
34
482
725
859
465
78
304
103
772
665
77
508
272
67
913
444
152
943
894
250
284
937
973
10
590
727
731
920
367
618
754
933
263
205
966
954
265
476
792
447
917
74
969
539
947
166
135
736
825
14
919
431
366
258
577
331
778
29
72
436
687
723
36
723
417
650
934
690
151
472
756
258
70
155
196
64
781
364
853
874
446
445
230
740
662
166
88
865
626
311
114
401
326
547
194
229
884
861
740
100
725
786
756
962
721
559
29
839
177
477
791
542
815
787
441
221
594
708
353
705
386
920
562
681
564
392
801
896
496
589
853
205
340
912
8
433
60
460
803
180
270
233
498
750
734
69
991
561
952
347
172
198
46
481
887
328
267
563
895
811
932
790
51
154
944
185
301
809
644
27
464
602
381
241
699
65
591
396
71
254
108
280
4
196
28
954
467
248
827
71
362
968
211
950
95
756
288
745
754
235
386
278
466
117
542
192
977
221
174
646
254
189
119
760
590
123
718
619
933
717
223
242
178
81
228
954
475
959
999
279
36
185
739
379
657
534
786
760
917
438
143
520
826
646
76
628
179
809
243
549
726
866
233
184
996
999
321
740
569
235
758
299
423
588
46
47
19
832
454
188
8
161
820
263
85
701
145
728
253
304
576
59
524
358
696
903
145
31
353
967
772
311
904
248
301
553
961
885
919
690
784
946
484
119
855
235
822
745
638
248
96
729
608
40
137
797
360
516
698
640
820
889
824
170
642
818
12
860
147
343
914
172
309
67
128
146
235
567
521
681
405
644
700
171
371
687
121
146
316
306
149
953
774
100
527
810
141
687
509
645
320
193
836
290
912
205
886
102
199
20
158
557
542
39
553
826
52
81
814
115
507
642
482
825
713
740
841
872
201
701
933
10
695
299
22
753
409
904
262
274
587
984
67
653
880
949
226
256
880
140
366
300
471
73
163
910
673
444
628
524
638
622
536
733
590
712
825
593
74
948
331
550
358
318
843
121
838
692
535
165
937
196
200
855
693
805
928
560
779
762
499
98
765
167
514
647
851
733
647
159
495
423
933
319
72
824
343
67
376
143
531
694
231
740
109
458
11
87
259
863
723
354
994
662
666
3
523
535
936
897
905
915
613
49
788
1
656
582
753
734
891
565
699
367
794
894
29
759
187
167
839
949
771
478
638
600
698
226
525
395
454
989
63
491
412
61
621
282
772
135
239
827
174
70
851
246
262
931
460
449
80
506
773
881
981
181
900
361
743
374
849
185
515
260
978
126
520
683
879
101
995
445
378
429
690
817
94
426
523
416
177
701
544
761
568
10
572
370
649
864
418
982
502
86
39
864
12
980
40
292
374
894
138
813
940
605
54
753
82
165
658
788
191
893
387
900
933
514
980
311
426
337
110
709
747
823
835
448
194
745
565
580
102
652
247
20
349
810
747
465
48
450
723
51
113
202
259
18
138
501
659
516
973
775
32
334
838
470
252
373
619
760
633
993
730
307
191
631
523
206
481
777
383
63
391
767
734
708
476
796
626
678
275
521
25
218
125
636
206
648
411
76
203
147
15
323
947
960
355
902
536
642
42
726
486
513
396
55
113
150
139
619
177
214
763
97
418
919
258
945
653
256
723
317
35
377
683
484
346
94
699
219
983
445
806
470
224
252
566
413
765
562
551
296
671
429
260
925
28
34
331
735
576
591
505
34
271
730
691
508
837
993
931
714
914
298
360
189
553
920
16
175
577
171
830
860
211
72
142
706
735
697
919
544
373
342
746
610
495
410
999
238
584
781
345
193
731
746
879
54
774
553
700
921
588
242
914
126
29
183
583
219
242
526
572
928
657
236
876
728
47
353
992
409
726
947
527
234
370
19
472
685
849
919
804
447
328
200
367
698
764
107
54
822
756
377
59
77
354
185
157
180
949
963
812
813
198
62
529
397
368
77
843
949
791
97
635
116
81
596
163
36
290
694
633
59
47
50
256
477
341
127
211
29
619
996
432
746
412
105
776
64
11
923
65
363
12
674
882
359
157
889
647
709
611
455
619
370
682
252
58
48
18
9
687
993
741
248
500
95
136
345
735
480
261
610
22
127
63
798
861
389
170
978
276
683
633
550
547
367
801
516
375
493
989
529
758
304
291
394
126
603
942
212
596
796
553
430
213
