214
317
775
290
154
264
751
55
640
313
505
511
563
871
285
556
792
809
37
818
22
604
471
759
861
859
121
665
265
908
596
583
68
508
61
330
167
824
75
41
661
481
881
417
815
618
862
372
605
371
187
193
754
920
172
163
459
994
733
43
206
885
3
868
746
895
950
486
6
524
631
63
669
536
178
244
670
838
350
759
490
67
307
472
890
585
923
182
867
821
492
639
887
60
39
439
804
249
702
858
395
118
69
943
107
841
726
92
253
844
721
43
18
498
578
522
920
707
267
590
300
871
195
157
63
955
810
891
783
242
735
349
907
869
969
338
663
637
427
533
424
155
563
997
418
686
204
561
357
23
79
312
530
180
709
121
883
661
725
6
646
709
863
399
742
805
296
525
987
282
905
351
260
110
119
601
125
36
422
945
2
500
771
333
890
11
880
323
384
461
736
315
334
773
813
87
348
844
159
652
620
470
18
861
468
559
103
826
736
383
530
911
657
787
694
28
566
744
810
335
198
106
392
999
894
562
524
252
142
382
613
654
964
509
979
371
409
808
281
394
40
17
679
627
734
697
296
475
795
696
790
767
752
202
202
728
364
452
732
484
646
874
507
537
294
795
10
501
323
869
888
286
480
57
791
161
685
548
864
251
922
993
690
148
239
103
564
766
652
373
413
802
937
993
430
378
631
891
987
65
302
636
194
288
509
220
584
58
504
198
500
772
380
744
64
567
758
849
730
858
712
565
386
83
289
767
228
940
15
983
975
86
172
118
599
550
538
28
586
79
808
835
876
787
555
174
833
338
55
179
563
312
621
926
825
471
639
282
3
946
475
72
478
884
631
897
526
298
719
137
15
895
302
166
856
634
593
446
918
10
859
439
50
833
23
284
340
842
45
412
630
555
980
917
637
808
898
442
424
836
189
647
392
936
217
150
560
524
895
883
850
134
379
917
610
406
80
342
876
134
789
15
532
593
139
10
254
223
575
120
4
926
93
626
424
822
171
412
631
74
247
619
651
641
516
716
49
88
774
69
84
176
464
584
978
951
386
155
645
285
139
522
163
587
117
222
470
420
418
601
918
934
729
332
835
810
107
691
872
210
846
736
556
314
298
775
113
356
270
63
571
308
794
690
896
636
490
701
468
498
922
611
41
444
509
876
506
833
126
899
155
78
173
703
550
227
552
562
523
638
23
78
280
337
833
406
737
117
11
54
561
725
505
924
685
752
121
58
194
253
184
698
234
303
810
77
701
602
214
991
384
901
725
27
994
192
997
372
971
677
215
799
74
838
405
284
447
676
677
228
801
206
894
134
667
847
98
108
162
622
936
276
629
791
88
642
656
284
252
975
439
853
616
709
668
291
262
666
729
300
8
87
206
161
791
430
224
672
724
536
769
918
954
842
492
403
915
221
594
421
113
609
372
748
242
899
960
984
11
918
774
115
649
418
317
66
626
698
172
470
675
488
614
406
557
427
118
247
565
648
707
700
481
886
36
537
470
494
956
45
843
962
414
850
943
477
260
365
771
386
792
196
432
170
952
648
893
343
946
653
165
444
738
545
258
632
177
697
696
123
902
773
471
963
2
782
84
624
207
690
572
103
771
644
918
647
26
289
296
448
139
129
508
377
677
355
865
932
105
289
64
163
26
731
724
567
794
882
705
137
920
148
911
607
876
962
59
228
585
957
947
189
20
333
852
13
64
79
854
870
948
298
235
949
524
376
86
307
414
458
655
997
171
581
574
754
450
441
228
115
986
351
448
150
535
469
164
73
911
49
222
738
307
471
257
790
737
400
864
72
107
990
772
278
215
98
946
467
85
304
362
654
306
914
278
639
675
412
120
550
373
254
257
933
849
495
9
259
548
814
40
690
475
467
163
149
426
274
244
323
204
962
537
745
555
750
234
54
786
948
966
894
862
676
260
149
845
644
619
158
88
543
941
902
967
264
952
146
228
926
297
921
329
102
429
734
536
616
621
971
345
312
911
199
357
614
929
202
824
909
779
696
246
561
698
384
140
757
146
730
541
512
296
656
982
316
304
977
844
80
452
650
801
934
260
59
844
749
751
519
116
541
855
42
404
692
334
784
313
737
855
841
391
392
15
20
784
325
753
174
168
734
398
136
800
233
188
603
584
781
622
793
224
112
228
301
735
798
676
958
215
742
564
954
468
740
485
633
850
111
252
446
93
794
722
197
335
858
694
385
916
149
535
68
101
181
278
550
36
577
346
610
416
562
781
310
869
603
311
757
738
486
490
295
860
953
486
326
543
51
