695
822
514
708
840
884
448
719
955
949
639
971
350
501
781
443
370
635
247
721
899
888
969
50
211
651
942
449
641
932
59
173
638
968
638
149
230
861
249
35
769
488
381
395
112
353
287
75
345
371
391
993
121
383
23
892
528
421
903
136
538
455
557
217
335
222
955
297
534
522
480
487
378
705
948
151
617
378
499
728
40
259
483
159
22
65
133
87
350
331
56
883
206
387
639
731
839
575
147
320
856
603
351
559
292
367
531
587
780
691
88
984
535
139
397
390
861
146
863
549
265
631
138
698
536
11
460
168
267
883
821
122
447
823
82
453
567
643
27
66
855
405
131
786
49
309
577
63
753
376
425
562
755
516
396
434
241
592
142
18
790
815
863
94
349
498
902
62
48
623
233
774
702
23
249
44
839
470
282
470
738
261
924
528
710
369
420
534
394
890
571
926
847
205
513
908
486
8
415
377
128
654
893
419
912
973
848
863
526
479
486
458
451
441
940
592
6
320
491
93
213
592
222
852
142
525
461
781
116
953
322
449
110
432
121
862
817
869
965
4
74
442
288
472
949
402
390
851
141
847
405
362
786
907
84
580
448
196
809
85
967
486
492
636
424
863
694
698
238
134
834
136
288
788
555
820
353
133
407
847
122
80
1000
299
662
570
284
466
932
105
452
702
190
691
94
817
471
459
428
370
843
694
987
324
256
957
848
996
847
177
842
202
362
461
326
305
212
975
270
512
853
21
728
546
814
650
705
544
295
436
218
554
595
844
524
323
355
9
752
224
41
656
785
952
853
751
342
518
366
784
153
933
109
195
340
412
903
146
10
198
719
54
741
446
789
569
447
415
188
214
301
831
28
225
921
650
831
762
532
243
150
790
901
1000
861
906
643
553
591
326
402
889
584
376
878
369
636
716
27
430
844
142
667
886
454
158
859
190
368
262
236
233
106
4
942
885
939
553
933
394
406
696
541
53
294
25
311
582
699
933
447
501
35
104
948
609
294
133
102
287
169
263
226
67
62
128
77
403
984
796
519
891
706
201
555
356
745
667
84
901
45
651
462
245
918
561
764
758
659
978
640
191
378
907
464
354
787
982
789
60
516
940
289
315
429
837
727
756
750
910
584
563
928
725
149
303
20
671
35
87
98
275
890
784
836
571
144
220
220
848
12
502
733
378
847
94
84
383
177
715
882
691
629
611
41
489
564
996
947
789
864
245
723
252
251
764
288
613
570
281
661
486
864
416
824
192
932
361
4
151
791
552
760
934
997
589
894
316
765
205
963
957
732
982
495
773
43
746
653
699
849
6
757
149
111
612
893
733
538
379
37
921
750
820
986
882
716
620
911
857
171
80
479
739
34
563
933
741
430
558
186
405
972
68
722
906
427
555
925
679
469
393
688
282
424
318
386
33
341
33
400
530
835
163
247
639
10
867
149
700
883
354
117
521
120
328
117
836
676
509
192
204
702
992
938
796
885
80
785
335
761
724
919
475
359
698
40
774
428
866
687
847
779
364
523
349
392
230
172
561
59
885
183
972
853
814
220
720
323
569
301
68
618
450
149
65
766
993
509
216
69
230
392
810
611
347
867
639
370
107
374
183
559
897
238
850
691
588
185
482
340
115
889
192
176
834
537
966
100
820
88
853
351
704
687
938
638
366
574
145
976
488
721
143
930
797
820
422
989
429
424
664
790
366
107
857
425
875
88
229
686
717
342
49
614
40
317
198
31
222
267
717
647
497
694
811
309
247
574
108
247
770
600
960
415
61
153
165
600
569
600
296
512
40
543
70
534
301
354
74
354
36
513
241
145
81
473
231
301
1
592
871
32
483
146
494
673
594
436
999
37
720
35
283
911
19
569
17
98
704
388
958
13
671
800
206
854
591
239
43
198
543
252
447
167
805
861
739
582
59
100
118
539
6
993
193
235
224
1000
304
19
410
147
265
38
852
773
213
580
513
66
33
680
880
238
51
974
358
532
668
65
886
866
649
589
460
806
345
157
416
641
392
441
232
266
945
842
883
583
963
164
864
921
628
60
250
564
477
51
62
483
863
445
187
145
594
208
296
426
967
531
659
602
704
581
229
664
423
915
950
846
691
240
769
583
594
716
903
477
779
651
386
16
713
172
314
728
733
499
242
79
330
454
739
876
572
455
852
369
950
503
631
813
970
830
547
279
113
471
676
626
709
812
112
984
213
492
440
146
708
596
292
922
325
726
839
617
260
939
937
800
101
30
616
314
799
39
567
108
333
351
703
502
964
25
289
769
494
694
7
