46
540
727
262
464
27
873
504
871
94
779
589
511
896
156
639
835
496
389
55
861
441
544
167
829
369
470
984
238
720
535
625
628
787
817
276
742
746
56
493
312
752
291
281
894
819
189
883
735
332
581
11
902
599
139
843
241
741
386
982
963
154
858
289
616
72
720
771
461
219
360
175
797
44
674
717
318
226
598
414
441
587
961
889
865
595
639
869
21
718
766
28
962
233
142
164
410
70
406
841
820
234
564
838
566
245
957
585
365
510
980
268
644
651
987
978
63
486
290
341
660
842
162
589
844
240
826
165
713
403
849
851
600
486
490
312
218
286
443
859
859
804
244
364
286
223
400
511
569
695
911
859
60
592
226
69
211
736
203
424
138
946
273
23
954
678
178
159
762
317
896
272
894
823
247
764
976
478
85
983
996
643
229
677
528
904
455
631
302
215
830
275
337
491
815
191
958
747
505
716
11
591
385
606
77
230
127
468
881
999
723
110
18
16
1000
705
90
750
311
679
848
717
963
220
305
857
330
227
76
8
479
383
163
288
516
528
914
793
749
280
961
15
879
948
657
812
408
509
99
847
979
101
166
867
706
389
882
926
231
829
797
139
897
286
702
355
90
391
957
784
462
953
386
797
529
422
365
577
584
773
422
788
218
822
887
690
443
991
26
424
280
260
208
8
39
498
183
985
823
54
72
483
56
893
576
111
906
923
234
816
531
709
64
951
379
991
812
739
846
767
127
81
213
736
118
232
707
375
175
597
954
170
704
995
997
416
744
459
418
937
1
420
700
520
172
193
705
613
411
74
152
985
247
944
342
899
864
151
186
284
95
941
210
958
267
681
794
797
86
884
503
198
109
33
20
893
601
222
145
819
576
932
887
280
895
372
714
920
35
908
876
188
863
502
302
742
927
631
883
685
245
636
841
606
581
353
400
949
399
419
833
695
5
934
315
636
268
57
3
300
569
469
791
586
567
63
868
302
458
835
310
787
439
992
935
109
571
364
354
288
485
885
263
608
529
643
848
667
61
418
435
469
330
440
184
846
571
438
790
7
805
459
188
92
918
390
142
173
958
804
766
98
969
817
62
998
150
308
404
135
906
152
535
489
579
839
765
726
124
240
975
402
124
437
295
376
173
374
759
532
876
187
126
142
252
681
417
365
666
334
724
57
344
526
507
377
692
713
17
595
684
908
900
257
573
754
849
810
49
669
939
263
732
602
361
511
75
506
717
380
577
967
835
526
647
300
100
43
859
250
653
643
481
102
644
605
805
610
632
710
253
224
589
981
276
541
569
170
734
948
811
644
237
283
833
720
15
969
385
458
391
443
66
610
824
982
387
196
478
882
781
944
188
809
21
18
233
905
873
92
490
644
313
707
284
757
914
42
955
822
721
233
316
873
275
570
966
950
134
216
509
566
65
986
832
635
350
555
340
408
670
366
652
565
277
799
30
801
305
421
935
902
511
597
944
165
877
331
997
892
502
38
638
117
815
973
964
475
382
616
870
525
103
468
928
249
836
264
247
136
919
498
108
965
406
654
177
940
880
548
344
425
488
151
920
954
700
756
223
228
945
867
247
208
690
163
303
332
90
181
887
951
999
720
209
845
184
106
695
486
554
271
532
442
822
979
470
861
911
844
669
400
396
850
955
619
132
844
687
85
379
634
247
982
624
901
847
766
593
741
11
448
468
335
384
412
28
272
153
394
24
689
709
306
662
455
535
842
49
176
317
702
660
185
138
679
861
785
322
798
396
713
209
405
698
887
810
500
952
662
540
913
449
700
886
781
508
855
371
920
390
545
851
139
539
201
472
402
381
538
653
216
860
897
10
236
318
372
453
459
111
145
962
56
786
716
524
721
761
117
411
859
955
743
744
791
781
844
322
120
182
937
918
582
450
664
340
755
923
732
810
602
827
725
788
985
915
793
87
246
917
394
270
799
304
164
808
154
83
552
62
536
623
663
222
771
989
817
157
482
542
574
798
579
34
270
842
97
709
651
191
483
244
86
810
251
998
49
357
183
124
372
257
304
557
91
762
463
247
557
562
378
258
205
702
827
970
349
633
86
694
880
532
841
177
745
412
827
873
940
634
375
882
313
129
836
884
293
54
528
210
852
199
576
899
630
65
233
418
539
611
595
903
14
957
878
902
406
426
876
812
51
741
49
38
898
576
423
291
298
51
916
479
161
370
784
491
784
104
513
642
708
861
681
748
85
955
63
394
293
139
714
379
155
844
677
613
398
911
356
492
805
215
382
319
782
110
830
807
347
