176
806
929
334
883
573
871
804
164
627
73
60
881
64
29
328
902
722
158
706
231
344
25
707
376
721
727
233
920
653
312
310
811
770
57
688
536
432
894
370
165
661
411
833
891
442
184
497
90
479
919
550
587
518
174
465
164
570
257
764
679
578
908
983
556
343
456
730
870
685
741
803
205
418
861
789
911
590
552
919
248
274
142
632
840
767
650
471
160
762
920
390
336
178
572
388
805
708
310
890
946
464
540
566
278
797
362
543
196
291
847
913
744
700
625
637
699
431
83
664
846
444
101
6
926
286
970
669
102
973
887
328
984
537
57
440
603
271
801
652
873
248
35
374
994
571
136
168
708
714
941
600
507
51
771
688
807
555
999
293
758
796
147
430
185
290
488
481
2
114
321
540
519
349
417
654
367
695
597
437
697
959
493
9
135
670
413
181
224
886
221
120
106
74
954
409
23
829
51
502
205
627
745
286
28
776
106
296
266
900
878
286
212
484
677
572
878
162
957
251
996
799
723
421
152
825
893
424
863
45
636
8
419
105
60
66
735
695
30
944
875
565
453
661
224
368
561
622
649
576
770
362
839
323
207
269
457
657
998
668
948
549
677
645
411
117
274
523
22
132
15
139
959
351
641
729
880
627
138
451
906
816
874
444
409
43
163
494
728
351
445
208
819
785
955
42
196
876
379
242
558
695
37
646
147
280
22
430
306
296
64
887
452
823
204
42
356
96
923
312
880
504
869
685
635
646
993
322
443
193
844
129
789
248
54
895
541
556
105
883
933
369
700
416
749
165
772
763
676
553
631
629
757
760
669
197
96
341
257
269
648
726
876
17
160
255
435
516
393
413
783
626
924
674
146
376
912
371
847
933
878
992
448
316
137
996
617
389
402
261
334
379
687
626
56
25
386
959
616
705
597
44
477
272
598
66
579
565
276
595
554
515
566
170
959
576
927
266
586
310
745
231
543
153
811
578
192
829
774
856
825
894
666
451
541
109
277
947
288
725
65
783
458
513
622
265
227
822
427
272
395
869
25
938
872
971
37
318
253
632
423
750
457
500
128
342
950
33
807
376
821
459
580
503
505
330
7
398
248
142
496
185
703
325
614
411
202
374
687
336
216
778
358
724
209
152
774
688
981
424
724
177
857
800
206
481
634
457
433
812
537
979
735
323
199
921
742
820
530
949
911
695
209
829
409
888
579
683
961
935
220
378
639
296
981
775
409
515
245
689
886
944
549
377
502
985
585
351
885
769
626
198
61
360
786
244
125
13
100
210
864
88
37
438
301
66
284
50
530
892
963
211
855
519
68
515
60
296
140
410
951
636
572
746
519
1
369
570
194
871
823
767
652
760
261
525
976
381
772
596
615
655
789
991
682
570
460
581
701
821
241
988
455
803
173
863
394
174
224
4
178
705
232
884
351
914
466
252
893
120
399
632
989
374
311
147
21
471
916
597
638
802
101
318
410
170
396
662
388
674
556
737
374
413
489
889
147
407
545
204
907
927
77
497
948
296
742
734
954
293
293
524
47
404
774
699
309
691
868
784
334
137
735
465
456
469
440
207
849
421
249
777
76
395
702
55
266
731
320
528
6
346
595
982
601
976
340
486
924
817
512
918
873
427
677
5
804
469
530
971
522
51
909
446
651
459
954
70
414
138
323
530
917
392
770
911
472
15
21
285
570
864
815
423
82
381
155
730
929
393
772
594
713
632
352
411
38
907
11
708
424
458
24
375
684
356
369
318
947
273
118
166
713
211
10
210
913
878
372
505
157
201
465
256
674
683
760
248
232
587
828
665
618
324
875
785
66
981
359
684
756
915
344
242
206
689
149
185
754
153
152
272
465
992
591
166
276
380
270
796
186
913
692
503
360
17
963
781
394
200
785
604
34
756
864
251
483
288
426
55
154
589
958
697
258
885
463
943
80
865
957
364
129
512
257
573
322
641
714
559
245
400
492
632
424
650
428
208
73
5
26
182
65
888
177
810
475
48
60
771
932
694
550
121
966
944
606
78
30
620
617
985
46
341
198
960
235
796
474
636
388
200
514
947
508
720
616
868
194
410
116
414
877
659
231
759
966
473
56
847
485
592
715
263
185
649
725
368
393
368
92
532
850
900
248
520
690
143
424
882
981
359
540
185
79
504
638
58
68
8
458
969
301
457
251
411
369
438
98
196
966
870
969
345
470
333
663
349
780
141
99
479
134
793
214
340
747
735
953
616
512
70
192
775
289
720
359
555
997
603
137
18
966
139
792
311
58
985
837
992
