104
513
642
708
861
681
748
85
955
63
394
293
139
714
379
155
844
677
613
398
911
356
492
805
215
382
319
782
110
830
807
347
698
989
826
305
616
129
19
868
536
688
372
174
446
762
396
866
106
568
458
33
558
467
29
291
97
712
958
583
923
326
427
615
238
536
356
470
20
448
817
652
128
608
907
319
429
914
692
182
124
73
107
833
304
739
579
510
470
673
250
837
646
555
765
312
334
641
497
343
12
659
846
298
279
794
740
170
53
127
686
286
540
866
808
613
805
365
542
692
219
411
562
691
307
176
584
430
334
718
545
256
281
969
495
707
662
677
114
325
203
466
248
527
412
578
967
493
411
512
393
611
671
593
622
609
106
638
746
987
72
707
411
8
658
263
345
671
684
513
34
73
419
869
992
616
432
515
311
963
588
676
622
707
950
291
526
102
687
462
893
478
150
353
140
928
982
889
13
161
314
351
444
523
450
130
900
344
152
513
822
207
983
466
805
60
201
268
299
567
540
478
788
49
922
20
923
712
547
910
779
424
454
426
546
795
756
71
20
389
273
377
292
53
295
876
989
857
836
30
110
569
631
701
798
778
352
226
616
898
464
993
409
122
933
400
349
188
306
212
650
87
595
533
604
425
792
535
978
127
833
294
693
549
114
677
309
740
291
593
719
377
987
609
574
603
870
394
931
204
790
613
488
82
299
680
717
595
773
371
520
377
496
311
66
601
805
982
537
576
975
946
51
928
693
566
583
599
910
865
523
204
456
778
751
804
397
713
627
95
676
987
911
692
415
872
887
750
617
520
462
422
49
568
137
312
358
828
406
603
349
233
865
96
533
356
351
253
484
346
903
35
286
493
105
168
857
410
741
674
730
900
705
58
26
715
239
858
757
860
212
631
391
179
448
345
880
847
183
596
477
962
260
882
409
38
152
997
238
895
409
43
308
88
592
796
426
894
660
272
18
373
744
498
428
63
759
937
960
641
557
989
621
283
197
461
47
515
177
931
743
116
367
136
629
373
213
709
945
331
237
610
543
898
611
243
306
118
661
920
718
843
994
595
203
357
924
337
247
170
924
352
194
443
243
54
276
649
997
818
320
659
998
133
149
4
527
179
692
79
467
919
819
980
749
507
312
475
598
224
201
372
83
523
585
532
309
31
547
177
243
203
321
671
81
297
108
555
750
985
875
867
562
423
516
682
307
30
751
280
11
195
85
750
723
734
983
193
449
547
764
205
193
714
672
364
424
215
19
695
900
287
4
86
52
119
776
925
728
402
140
328
490
646
152
629
907
976
871
348
554
300
987
632
749
944
595
292
388
577
275
520
807
474
440
242
604
557
667
184
136
381
252
587
695
314
635
537
723
797
981
580
998
632
385
615
476
800
792
574
369
243
223
695
855
447
731
787
45
685
512
364
386
919
990
506
953
47
779
739
471
502
314
307
816
140
422
312
322
589
788
839
815
275
835
103
145
232
128
115
729
169
940
773
434
180
482
484
900
895
597
687
722
681
304
640
15
94
252
997
511
868
588
974
657
272
893
607
687
431
143
978
64
462
522
346
374
132
661
586
506
465
989
560
65
962
260
341
754
66
464
896
423
242
706
517
538
829
781
894
222
839
959
208
793
569
953
229
251
976
286
912
824
1000
121
936
860
281
836
280
726
766
558
464
829
66
654
613
364
581
600
944
193
959
864
228
515
13
923
620
265
428
333
631
621
937
161
123
711
829
822
570
533
154
733
64
810
251
211
452
755
931
465
565
885
748
874
380
406
110
512
799
520
747
715
494
229
415
114
265
967
950
252
525
434
101
901
303
730
581
49
673
343
557
456
216
173
176
160
880
988
557
970
136
946
817
443
963
416
719
91
8
904
735
316
465
6
35
819
925
54
431
628
107
226
305
638
913
751
840
376
340
518
473
339
488
479
449
324
610
963
249
95
728
555
497
291
451
930
412
571
711
560
534
78
670
189
562
392
315
344
354
746
330
768
304
195
35
53
70
332
748
351
513
129
553
822
39
740
424
687
510
362
820
103
28
512
60
235
291
656
705
693
692
896
596
510
957
104
262
394
620
621
504
434
588
645
354
831
640
543
194
716
534
503
829
348
408
477
885
411
593
813
179
286
983
897
827
195
823
223
2
800
259
932
215
69
332
258
804
298
102
302
381
80
680
333
335
767
422
52
150
898
216
645
394
162
765
195
477
437
286
774
815
148
907
588
961
552
824
322
885
414
78
249
700
234
874
821
9
286
276
691
877
122
580
859
685
567
250
